exp1 init

70s init

gps has:
UAV1
(0, 0.04635709372814745, 0.0879902457818389, -0.1829992740027393)
(0.9701257066053282, 0.0010940454241038081, 0.006375967175557752, 0.24251692813544423)

UAV2
(0, -0.7667722688638605, -27.8618575069122, -0.7429948187077571)
(0.9570090805131315, -0.007755666816711416, 0.018374315052117982, 0.28937176928582337)

UAV3
(0, -13.825409584445879, -7.7449577655643225, -0.39499412684004653)
(0.9306863084225011, 0.0009587815346170424, 0.020205720743372842, 0.365258476581992)

UAV5
(0, 12.776733517588582, -26.181989267934114, -0.04099741275948077)
(-0.9605824589172791, 0.003846437957482179, 0.014646959063836515, -0.2775824528203561)

UGV1
(0, -11.170446314383298, -30.6711210841313, -0.16396665431486213)
(-0.8997969252957154, -0.006633361766044747, 0.01624265159007682, 0.43595597959580235)





new init info!!! estimated

UAV1
(-0.0560235651409, 0.132127190676, 6.29819761563e-05)
(0.587048928033, -0.0291067839311, 0.0097672756158, 0.808969067116)

UAV2
(27.974902525, -0.0882004281685, 0.0290714094429)
(0.413551825949, -0.00575186623829, -0.034202364887, 0.909819763209)

UAV3
(8.56968444931, -13.3406288718, 0.0499946970182)
(0.293924503071, -0.00110865045294, 0.000384589097928, 0.955827918341)

UAV5
(24.8590531991, 13.6775037494, 0.0285498683626)
(0.900336279744, -0.0171153460221, -0.0137156303444, 0.43464184082)

UGV1
(31.0402606661, -9.21955539904, 0.0218965966532)
(0.90604970833, -0.0155986942046, 0.0170028846054, 0.422541724199)



0 0 0 0 0 87.40833143193976


EXP1 without gt
result rmse
UAV1
5.053865

UAV2
2.992037

UAV3
3.720993

UAV5
23.984344

UGV1
6.845991

avg: 8.519446